# P13-Q T1/T4: raw probability audit (split_date=2025-01-01)

Strictly OOS walk-forward probabilities; slope/intercept from a logistic fit of the label on logit(p) within each window.

| window | N | mean_p | pos_rate | brier | logloss | ece | intercept | slope |
|---|---|---|---|---|---|---|---|---|
| all | 94760 | 0.4681 | 0.4677 | 0.25040 | 0.69446 | 0.02311 | -0.1072 | +0.1716 |
| discovery | 65795 | 0.4644 | 0.4645 | 0.25025 | 0.69415 | 0.02443 | -0.1186 | +0.1626 |
| validation | 28965 | 0.4765 | 0.4749 | 0.25076 | 0.69517 | 0.02406 | -0.0845 | +0.1668 |
| first_third | 30920 | 0.4697 | 0.4714 | 0.25062 | 0.69512 | 0.02445 | -0.0913 | +0.1852 |
| middle_third | 32357 | 0.4588 | 0.4598 | 0.25011 | 0.69372 | 0.02687 | -0.1443 | +0.1007 |
| last_third | 31483 | 0.4760 | 0.4721 | 0.25048 | 0.69459 | 0.02183 | -0.0932 | +0.1906 |
| year_2021 | 14479 | 0.4659 | 0.4710 | 0.25069 | 0.69508 | 0.02740 | -0.0886 | +0.1962 |
| year_2022 | 16648 | 0.4732 | 0.4732 | 0.25062 | 0.69525 | 0.02482 | -0.0876 | +0.1781 |
| year_2023 | 17266 | 0.4673 | 0.4467 | 0.24857 | 0.69059 | 0.02564 | -0.1843 | +0.2250 |
| year_2024 | 17402 | 0.4517 | 0.4684 | 0.25118 | 0.69587 | 0.02754 | -0.1106 | +0.0817 |
| year_2025 | 17448 | 0.4782 | 0.4794 | 0.25081 | 0.69499 | 0.02540 | -0.0661 | +0.1865 |
| year_2026 | 11517 | 0.4739 | 0.4681 | 0.25067 | 0.69544 | 0.02203 | -0.1132 | +0.1362 |
# P13-Q T2: reliability curve (fixed 0.05 bins)

| bin | n | mean_p | observed | difference |
|---|---|---|---|---|
| [0.00,0.05] | 29 | 0.0292 | 0.4483 | -0.4190 |
| [0.05,0.10] | 24 | 0.0751 | 0.3750 | -0.2999 |
| [0.10,0.15] | 48 | 0.1279 | 0.4583 | -0.3304 |
| [0.15,0.20] | 77 | 0.1796 | 0.4545 | -0.2749 |
| [0.20,0.25] | 116 | 0.2266 | 0.4138 | -0.1872 |
| [0.25,0.30] | 252 | 0.2768 | 0.4167 | -0.1399 |
| [0.30,0.35] | 656 | 0.3319 | 0.4314 | -0.0995 |
| [0.35,0.40] | 4825 | 0.3829 | 0.4499 | -0.0670 |
| [0.40,0.45] | 24988 | 0.4301 | 0.4530 | -0.0230 |
| [0.45,0.50] | 41175 | 0.4747 | 0.4729 | +0.0018 |
| [0.50,0.55] | 19563 | 0.5189 | 0.4819 | +0.0370 |
| [0.55,0.60] | 2674 | 0.5659 | 0.4772 | +0.0887 |
| [0.60,0.65] | 241 | 0.6163 | 0.4398 | +0.1764 |
| [0.65,0.70] | 52 | 0.6674 | 0.3462 | +0.3213 |
| [0.70,0.75] | 19 | 0.7229 | 0.2105 | +0.5124 |
| [0.75,0.80] | 12 | 0.7711 | 0.2500 | +0.5211 |
| [0.80,0.85] | 4 | 0.8303 | 0.5000 | +0.3303 |
| [0.85,0.90] | 5 | 0.8807 | 0.6000 | +0.2807 |
| [0.90,0.95] | 0 | - | - | - |
| [0.95,1.00] closed | 0 | - | - | - |
# P13-Q T3: bucket stability on fixed bins (all/discovery/validation)

Full per-year bucket tables are in the JSON artifact.

| window | bin | N | mean_p | observed | calib_err | mean_next_ret |
|---|---|---|---|---|---|---|
| all | [0.00,0.05] | 29 | 0.0292 | 0.4483 | 0.4190 | -0.00469 |
| all | [0.05,0.10] | 24 | 0.0751 | 0.3750 | 0.2999 | +0.00258 |
| all | [0.10,0.15] | 48 | 0.1279 | 0.4583 | 0.3304 | -0.00045 |
| all | [0.15,0.20] | 77 | 0.1796 | 0.4545 | 0.2749 | +0.00293 |
| all | [0.20,0.25] | 116 | 0.2266 | 0.4138 | 0.1872 | -0.00020 |
| all | [0.25,0.30] | 252 | 0.2768 | 0.4167 | 0.1399 | -0.00446 |
| all | [0.30,0.35] | 656 | 0.3319 | 0.4314 | 0.0995 | -0.00064 |
| all | [0.35,0.40] | 4825 | 0.3829 | 0.4499 | 0.0670 | +0.00082 |
| all | [0.40,0.45] | 24988 | 0.4301 | 0.4530 | 0.0230 | +0.00008 |
| all | [0.45,0.50] | 41175 | 0.4747 | 0.4729 | 0.0018 | +0.00038 |
| all | [0.50,0.55] | 19563 | 0.5189 | 0.4819 | 0.0370 | +0.00058 |
| all | [0.55,0.60] | 2674 | 0.5659 | 0.4772 | 0.0887 | -0.00094 |
| all | [0.60,0.65] | 241 | 0.6163 | 0.4398 | 0.1764 | -0.00433 |
| all | [0.65,0.70] | 52 | 0.6674 | 0.3462 | 0.3213 | -0.00891 |
| all | [0.70,0.75] | 19 | 0.7229 | 0.2105 | 0.5124 | -0.01145 |
| all | [0.75,0.80] | 12 | 0.7711 | 0.2500 | 0.5211 | +0.00577 |
| all | [0.80,0.85] | 4 | 0.8303 | 0.5000 | 0.3303 | -0.02633 |
| all | [0.85,0.90] | 5 | 0.8807 | 0.6000 | 0.2807 | +0.01347 |
| discovery | [0.00,0.05] | 20 | 0.0268 | 0.4000 | 0.3732 | -0.01002 |
| discovery | [0.05,0.10] | 16 | 0.0775 | 0.1875 | 0.1100 | -0.01592 |
| discovery | [0.10,0.15] | 31 | 0.1266 | 0.3871 | 0.2605 | -0.00945 |
| discovery | [0.15,0.20] | 55 | 0.1786 | 0.4727 | 0.2941 | +0.00352 |
| discovery | [0.20,0.25] | 79 | 0.2259 | 0.4430 | 0.2171 | +0.00022 |
| discovery | [0.25,0.30] | 185 | 0.2765 | 0.4378 | 0.1613 | -0.00395 |
| discovery | [0.30,0.35] | 512 | 0.3324 | 0.4434 | 0.1109 | -0.00006 |
| discovery | [0.35,0.40] | 3936 | 0.3827 | 0.4538 | 0.0711 | +0.00148 |
| discovery | [0.40,0.45] | 18774 | 0.4299 | 0.4507 | 0.0208 | +0.00015 |
| discovery | [0.45,0.50] | 28510 | 0.4742 | 0.4696 | 0.0046 | +0.00031 |
| discovery | [0.50,0.55] | 11777 | 0.5183 | 0.4781 | 0.0402 | +0.00038 |
| discovery | [0.55,0.60] | 1628 | 0.5673 | 0.4834 | 0.0839 | -0.00070 |
| discovery | [0.60,0.65] | 208 | 0.6157 | 0.4519 | 0.1638 | -0.00443 |
| discovery | [0.65,0.70] | 35 | 0.6679 | 0.4000 | 0.2679 | -0.00963 |
| discovery | [0.70,0.75] | 11 | 0.7182 | 0.1818 | 0.5364 | -0.02001 |
| discovery | [0.75,0.80] | 10 | 0.7712 | 0.3000 | 0.4712 | +0.01478 |
| discovery | [0.80,0.85] | 4 | 0.8303 | 0.5000 | 0.3303 | -0.02633 |
| discovery | [0.85,0.90] | 4 | 0.8812 | 0.5000 | 0.3812 | -0.00827 |
| validation | [0.00,0.05] | 9 | 0.0346 | 0.5556 | 0.5210 | +0.00715 |
| validation | [0.05,0.10] | 8 | 0.0703 | 0.7500 | 0.6797 | +0.03958 |
| validation | [0.10,0.15] | 17 | 0.1302 | 0.5882 | 0.4580 | +0.01596 |
| validation | [0.15,0.20] | 22 | 0.1822 | 0.4091 | 0.2269 | +0.00145 |
| validation | [0.20,0.25] | 37 | 0.2281 | 0.3514 | 0.1232 | -0.00110 |
| validation | [0.25,0.30] | 67 | 0.2775 | 0.3582 | 0.0807 | -0.00588 |
| validation | [0.30,0.35] | 144 | 0.3300 | 0.3889 | 0.0589 | -0.00270 |
| validation | [0.35,0.40] | 889 | 0.3838 | 0.4331 | 0.0493 | -0.00209 |
| validation | [0.40,0.45] | 6214 | 0.4307 | 0.4601 | 0.0294 | -0.00012 |
| validation | [0.45,0.50] | 12665 | 0.4758 | 0.4803 | 0.0045 | +0.00053 |
| validation | [0.50,0.55] | 7786 | 0.5198 | 0.4877 | 0.0321 | +0.00089 |
| validation | [0.55,0.60] | 1046 | 0.5636 | 0.4675 | 0.0961 | -0.00132 |
| validation | [0.60,0.65] | 33 | 0.6199 | 0.3636 | 0.2562 | -0.00368 |
| validation | [0.65,0.70] | 17 | 0.6666 | 0.2353 | 0.4313 | -0.00742 |
| validation | [0.70,0.75] | 8 | 0.7294 | 0.2500 | 0.4794 | +0.00033 |
| validation | [0.75,0.80] | 2 | 0.7708 | 0.0000 | 0.7708 | -0.03929 |
| validation | [0.85,0.90] | 1 | 0.8783 | 1.0000 | 0.1217 | +0.10044 |
# P13-Q probability quality diagnostics (N=94760)

- prediction entropy (mean, nats): 0.6862
- extreme low (<0.10): 53 (0.0559%)
- extreme high (>0.90): 0 (0.0000%)
- near 0.50 ([0.45,0.55]): 60738 (64.0967%)

| bin | n | frequency |
|---|---|---|
| [0.00,0.05] | 29 | 0.0003 |
| [0.05,0.10] | 24 | 0.0003 |
| [0.10,0.15] | 48 | 0.0005 |
| [0.15,0.20] | 77 | 0.0008 |
| [0.20,0.25] | 116 | 0.0012 |
| [0.25,0.30] | 252 | 0.0027 |
| [0.30,0.35] | 656 | 0.0069 |
| [0.35,0.40] | 4825 | 0.0509 |
| [0.40,0.45] | 24988 | 0.2637 |
| [0.45,0.50] | 41175 | 0.4345 |
| [0.50,0.55] | 19563 | 0.2064 |
| [0.55,0.60] | 2674 | 0.0282 |
| [0.60,0.65] | 241 | 0.0025 |
| [0.65,0.70] | 52 | 0.0005 |
| [0.70,0.75] | 19 | 0.0002 |
| [0.75,0.80] | 12 | 0.0001 |
| [0.80,0.85] | 4 | 0.0000 |
| [0.85,0.90] | 5 | 0.0001 |
| [0.90,0.95] | 0 | 0.0000 |
| [0.95,1.00] closed | 0 | 0.0000 |
# P13-Q T5/T6: calibration methods (fit: discovery OOS (decision_time < 2025-01-01); evaluate: validation OOS (decision_time >= 2025-01-01))

| method | N | brier | logloss | ece | intercept | slope |
|---|---|---|---|---|---|---|
| raw | 28965 | 0.25076 | 0.69517 | 0.02406 | -0.0845 | +0.1668 |
| platt | 28965 | 0.24937 | 0.69188 | 0.01078 | +0.0372 | +1.0258 |
| isotonic | 28965 | 0.24938 | 0.69191 | 0.00894 | -0.0223 | +0.6053 |

## Δ vs raw (negative = improvement), symbol-clustered bootstrap (B=1000, seed=20260929)

| method:metric | point | ci95 |
|---|---|---|
| isotonic:delta_brier | -0.00138 | [-0.00172, -0.00099] |
| isotonic:delta_ece | -0.01512 | [-0.02046, -0.01012] |
| isotonic:delta_log_loss | -0.00325 | [-0.00423, -0.00227] |
| platt:delta_brier | -0.00139 | [-0.00177, -0.00097] |
| platt:delta_ece | -0.01328 | [-0.01911, -0.00844] |
| platt:delta_log_loss | -0.00329 | [-0.00435, -0.00222] |
calibration_registry_written=workspace\p13q_rerun\calibration_registry.json
analysis_config_written=workspace\p13q_rerun\analysis_config.json
manifest_written=workspace\p13q_rerun\manifest.json (7 files)
